% time     seconds  usecs/call     calls    errors syscall
------ ----------- ----------- --------- --------- ------------------
 51,92    0,589885          70      8356           sched_yield
 43,21    0,490980        8182        60           futex
  0,92    0,010440           5      2001       247 newfstatat
  0,87    0,009927          10       954           read
  0,48    0,005418           5      1013           fstat
  0,42    0,004816           5       872         3 lseek
  0,41    0,004662           7       592        11 openat
  0,38    0,004342          11       393           mmap
  0,37    0,004159           7       587           close
  0,19    0,002206           4       443       433 ioctl
  0,16    0,001871          13       134           getdents64
  0,10    0,001094          99        11           clone3
  0,08    0,000903          11        81           mprotect
  0,08    0,000899          19        45           rt_sigprocmask
  0,07    0,000826           6       130           getcwd
  0,06    0,000669           8        80           brk
  0,05    0,000577           5       104           munmap
  0,05    0,000553           8        67           rt_sigaction
  0,04    0,000511         510         1           execve
  0,03    0,000340          28        12           set_robust_list
  0,03    0,000336          30        11           mbind
  0,03    0,000335          27        12           rseq
  0,01    0,000130          32         4         3 connect
  0,01    0,000096          32         3           uname
  0,00    0,000046          11         4           write
  0,00    0,000033          11         3           sendto
  0,00    0,000033           6         5           getrandom
  0,00    0,000030          15         2           recvfrom
  0,00    0,000014           2         6           fcntl
  0,00    0,000011           5         2           pread64
  0,00    0,000010           2         5           socket
  0,00    0,000009           9         1         1 access
  0,00    0,000008           4         2           gettid
  0,00    0,000006           3         2           setsockopt
  0,00    0,000006           6         1           arch_prctl
  0,00    0,000006           6         1           epoll_create1
  0,00    0,000006           6         1           prlimit64
  0,00    0,000005           5         1           set_tid_address
  0,00    0,000004           0         6           statx
  0,00    0,000001           0         2           sched_getaffinity
  0,00    0,000000           0         4           poll
  0,00    0,000000           0        11           madvise
  0,00    0,000000           0         1           bind
  0,00    0,000000           0         1           getsockopt
  0,00    0,000000           0         4         2 readlink
------ ----------- ----------- --------- --------- ------------------
100,00    1,136203          70     16031       700 total
